-59
-65
-78
-64
-57
-70
-60
-64
-69
-71
-65
-68
-75
-63
-71
-64
-63
-71
-65
-67
-65
-65
-67
-65
-64
-59
-69
-65
-62
-71
-64
-66
-62
-60
-71
-70
-67
-68
-69
-69
-63
-71
-73
-71
-71
-61
-62
-69
-66
-65
-68
-64
-59
-68
-70
-64
-65
-65
-65
-70
-64
-67
-67
-69
-64
-74
-70
-72
-67
-67
-63
-60
-62
-66
-74
-67
-63
-63
-69
-68
-64
-70
-69
-71
-68
-67
-65
-63
-67
-65
-66
-71
-69
-75
-63
-67
-67
-71
-65
-67
-70
-68
-64
-67
-66
-67
-65
-65
-71
-66
-67
-61
-67
-65
-66
-65
-67
-68
-69
-65
-63
-63
-71
-70
-65
-71
-74
-70
-70
-71
-67
-70
-67
-62
-66
-67
-68
-65
-71
-67
-71
-63
-65
-68
-60
-68
-70
-70
-73
-55
-66
-66
-66
-67
-61
-72
-68
-60
-68
-67
-70
-67
-65
-74
-66
-65
-60
-66
-75
-68
-66
-67
-67
-71
-64
-66
-69
-59
-67
-61
-65
-63
-70
-66
-63
-71
-59
-73
-62
-65
-65
-71
-61
-69
-69
-64
-69
-68
-73
-66
-61
-62
-69
-63
-67
-66
-70
-63
-69
-65
-67
-69
-68
-63
-61
-71
-66
-70
-66
-70
-68
-65
-69
-68
-60
-65
-61
-67
-71
-68
-65
-68
-66
-70
-69
-66
-62
-66
-65
-62
-67
-69
-67
-64
-67
-74
-59
-65
-69
-69
-72
-64
-67
-69
-70
-76
-70
-71
-68
-70
-68
-67
-60
-60
-67
-67
-67
-70
-66
-69
-73
-70
-67
-66
-62
-66
-64
-71
-69
-69
-63
-66
-60
-72
-62
-59
-77
-61
-72
-60
-62
-59
-66
-66
-69
-70
-65
-71
-60
-64
-66
-65
-66
-68
-67
-61
-64
-73
-66
-68
-68
-73
-63
-62
-68
-65
-66
-62
-69
-74
-70
-67
-60
-62
-58
-66
-71
-65
-67
-71
-67
-71
-65
-67
-67
-65
-69
-67
-66
-60
-71
-65
-67
-63
-68
-69
-69
-72
-67
-67
-60
-70
-58
-62
-58
-62
-69
-64
-62
-59
-62
-74
-64
-69
-66
-65
-62
-67
-68
-67
-69
-61
-67
-62
-68
-67
-68
-63
-72
-61
-66
-69
-65
-72
-67
-61
-66
-76
-64
-73
-69
-66
-68
-66
-69
-69
-69
-71
-69
-65
-63
-64
-69
-60
-65
-69
-66
-61
-73
-57
-68
-67
-69
-66
-59
-74
-57
-65
-73
-62
-68
-69
-69
-63
-71
-71
-67
-63
-69
-66
-71
-66
-66
-63
-70
-70
-64
-66
-69
-64
-67
-66
-63
-62
-64
-66
-55
-65
-69
-57
-69
-70
-68
-67
-70
-74
-70
-66
-67
-66
-64
-67
-60
-75
-70
-62
-48
-67
-64
-63
-61
-68
-64
-64
-72
-69
-63
-65
-62
-68
-63
-64
-70
-69
-72
-67
-64
-64
-75
-63
-66
-65
-68
-66
-63
-57
-63
-69
-70
-61
-73
-66
-71
-66
-65
-71
-68
-66
-67
-67
-66
-74
-69
-67
-66
-64
-73
-68
-67
-62
-65
-65
-66
-62
-69
-66
-70
-60
-68
-59
-64
-67
-60
-72
-67
-68
-64
-65
-68
-67
-72
-67
-63
-68
-65
-63
-77
-71
-68
-65
-66
-75
-59
-59
-70
-65
-67
-64
-68
-65
-65
-60
-69
-67
-67
-70
-70
-70
-67
-68
-67
-68
-68
-71
-65
-73
-72
-62
-69
-62
-66
-65
-65
-61
-63
-64
-65
-70
-65
-62
-71
-66
-67
-65
-68
-69
-73
-71
-66
-61
-73
-65
-70
-67
-59
-66
-69
-64
-73
-61
-67
-68
-58
-64
-68
-70
-70
-69
-62
-72
-67
-72
-62
-59
-67
-64
-65
-59
-61
-65
-74
-67
-65
-64
-73
-64
-65
-65
-68
-60
-66
-66
-69
-64
-65
-54
-66
-70
-61
-66
-66
-61
-59
-69
-60
-69
-61
-66
-62
-65
-66
-61
-67
-62
-67
-68
-65
-60
-69
-67
-67
-67
-68
-66
-69
-69
-61
-62
-67
-60
-66
-66
-67
-69
-64
-69
-62
-61
-74
-68
-65
-71
-61
-67
-67
-65
-68
-76
-69
-68
-72
-63
-69
-70
-63
-65
-77
-63
-65
-74
-72
-64
-73
-56
-74
-69
-69
-67
-71
-63
-61
-70
-62
-68
-69
-67
-57
-69
-56
-66
-63
-58
-71
-66
-67
-66
-67
-61
-65
-69
-62
-68
-63
-56
-66
-70
-69
-69
-65
-67
-69
-70
-71
-72
-61
-63
-63
-67
-70
-69
-61
-71
-64
-69
-68
-69
-69
-65
-67
-71
-71
-61
-68
-59
-64
-63
-67
-76
-64
-66
-58
-77
-66
-68
-68
-65
-66
-64
-62
-64
-65
-72
-66
-66
-69
-70
-60
-73
-66
-69
-64
-68
-68
-67
-63
-64
-67
-54
-64
-57
-65
-71
-60
-64
-64
-66
-64
-64
-63
-70
-70
-64
-64
-69
-72
-66
-69
-67
-66
-60
-66
-67
-75
-58
-67
-63
-67
-67
-71
-66
-69
-71
-64
-69
-66
-68
-69
-63
-62
-75
-68
-64
-62
-68
-68
-70
-66
-72
-67
-67
-66
-74
-63
-67
-68
-64
-65
-68
-65
-68
-62
-66
-69
-66
-69
-58
-69
-62
-67
-60
-71
-67
-65
-63
-59
-74
-64
-61
-66
-68
-65
-62
-72
-66
-65
-72
-65
-63
-71
-66
-70
-67
-69
-72
-62
-61
-68
-67
-67
-68
-60
-65
-63
-68
-64
-64
-67
-62
-63
-71
-65
-67
-70
-69
-68
-65
-68
-71
-60
-72
-68
-66
-61
-61
-69
-69
-71
-69
-69
-70
-68
-64
-63
-62
-69
-67
-73
-68
-67
-72
-65
-66
-66
-67
-75
-71
-70
-65
-70
-68
-67
-68
-65
-63
-68
-68
-73
-72
-67
-69
-60
-66
-64
-67
-67
-68
-59
-65
-67
-69
-58
-63
-60
-68
-70
-70
-69
-67
-72
-67
-69
-65
-62
-62
-70
-73
-63
-66
-68
-60
