62
84
67
79
81
83
80
-61
83
86
82
88
81
38
67
72
85
57
79
84
71
81
87
90
83
77
77
73
77
85
75
59
83
84
71
74
75
82
75
83
66
87
83
87
79
84
66
65
89
60
65
77
79
73
64
84
81
85
86
73
87
79
83
78
74
81
82
84
73
81
75
83
78
87
87
82
75
72
80
89
70
80
71
80
83
85
78
88
73
84
75
79
70
87
70
66
79
73
85
84
83
86
71
86
80
67
87
76
76
79
76
83
71
83
76
75
81
72
70
89
44
83
77
87
82
76
66
77
76
79
66
75
80
58
82
85
71
54
85
74
76
81
75
59
79
78
77
68
87
66
76
75
80
56
57
79
85
83
82
80
81
75
78
85
71
84
80
76
79
77
87
79
60
67
36
78
76
-68
79
81
87
78
86
83
83
83
83
85
73
82
63
75
80
74
81
82
73
78
75
81
70
80
84
68
84
75
52
80
72
80
67
81
-63
77
67
82
77
82
78
83
83
75
72
84
68
78
79
78
76
86
75
77
83
68
80
83
82
78
65
67
80
79
86
86
81
68
72
76
81
61
56
71
80
80
72
80
86
86
78
70
80
74
70
-65
82
69
79
79
76
90
69
62
68
68
79
77
77
83
71
83
74
77
82
82
79
83
86
74
73
76
83
86
81
77
68
85
76
76
83
55
84
84
63
84
87
77
81
79
81
81
83
86
84
75
78
85
66
83
69
80
78
66
69
84
77
88
76
82
81
78
80
85
73
87
82
67
80
68
84
77
42
75
60
88
84
77
67
82
84
88
68
83
76
82
67
75
68
89
74
67
81
85
79
84
69
79
75
81
76
83
78
70
77
82
82
70
74
33
77
86
88
75
81
88
80
80
68
87
67
79
78
81
87
82
85
78
86
89
74
77
79
-66
79
75
78
80
87
70
80
84
75
73
89
79
86
81
81
79
66
72
82
76
77
82
70
71
71
78
82
84
79
80
83
92
62
78
82
56
76
86
72
86
84
84
82
85
71
80
50
73
67
81
72
79
79
68
81
70
85
86
86
86
76
87
48
79
75
76
83
79
78
81
86
83
76
88
81
87
75
82
79
79
77
83
85
78
77
67
80
50
84
58
37
81
74
83
81
88
87
82
85
73
85
75
85
74
88
75
79
84
75
84
60
80
80
83
84
72
83
80
78
84
84
67
80
82
71
89
75
89
83
84
65
84
73
83
82
81
83
79
81
80
85
85
62
75
67
84
80
71
85
81
84
81
87
81
76
69
74
82
73
74
77
71
81
75
76
82
75
62
82
72
52
83
72
77
65
81
87
53
59
78
83
72
76
75
86
71
61
79
84
79
77
80
78
80
80
85
83
84
84
69
75
86
48
48
57
68
73
76
80
81
85
82
74
76
80
72
82
89
81
82
77
78
81
82
86
84
83
82
73
76
79
86
81
80
88
89
80
79
60
85
89
80
80
78
-60
84
84
81
-55
67
80
79
79
79
88
86
57
83
84
80
81
76
72
85
83
89
84
78
83
80
80
74
83
81
82
46
67
74
84
80
73
76
82
80
78
83
47
88
79
83
76
71
79
81
76
76
89
86
74
73
81
-65
85
63
83
56
81
83
80
83
59
74
84
71
83
-16
86
83
81
75
83
59
78
88
74
82
77
71
82
78
77
77
74
82
-64
80
90
80
71
83
86
68
83
78
59
73
83
80
76
77
86
79
86
78
78
84
82
81
80
80
74
86
73
75
-68
80
80
75
80
85
78
82
74
84
70
78
81
84
78
73
80
80
68
61
79
80
85
62
81
70
82
82
76
80
66
82
79
71
86
83
70
80
81
73
73
76
84
88
73
52
83
78
48
82
78
42
76
81
73
75
59
84
81
81
83
73
83
82
72
84
79
84
63
64
80
77
57
70
76
70
73
82
75
82
79
81
86
71
80
81
82
58
74
80
82
85
72
80
64
78
75
73
80
79
74
86
86
75
78
84
74
86
84
77
83
65
63
68
81
69
84
81
79
81
71
83
85
78
80
80
-64
78
84
83
80
91
81
79
78
83
77
80
77
81
65
87
72
80
79
85
80
75
87
77
71
78
78
74
77
84
81
73
81
58
82
79
82
83
66
80
82
80
72
85
82
63
68
76
81
83
77
78
79
85
80
78
54
79
75
84
78
82
82
80
80
80
60
76
78
79
77
84
90
83
82
82
82
69
68
83
83
84
82
81
80
79
77
85
69
84
83
83
77
82
71
69
84
68
73
67
82
74
69
81
72
82
74
69
