-75
-77
-71
-79
-75
-71
-73
-75
-75
-79
-72
-81
-79
-70
-78
-71
-73
-84
-70
-80
-73
-75
-75
-77
-80
-72
-76
-73
-69
-82
-75
-75
-78
-76
-69
-68
-71
-77
-73
-72
-74
-79
-76
-72
-78
-78
-82
-72
-80
-74
-72
-75
-79
-77
-64
-81
-77
-73
-77
-71
-66
-67
-70
-65
-78
-77
-67
-71
-74
-83
-77
-75
-70
-73
-83
-81
-71
-72
-69
-69
-69
-87
-63
-81
-79
-69
-69
-81
-71
-78
-81
-87
-82
-81
-78
-84
-69
-76
-70
-70
-79
-73
-86
-79
-81
-77
-73
-85
-78
-76
-79
-81
-65
-73
-71
-83
-77
-68
-74
-74
-83
-73
-79
-75
-81
-70
-80
-63
-77
-71
-78
-80
-82
-72
-77
-69
-80
-73
-81
-70
-74
-67
-80
-70
-73
-79
-76
-78
-72
-88
-78
-78
-68
-80
-86
-78
-78
-79
-74
-78
-79
-78
-75
-70
-63
-77
-78
-74
-77
-75
-76
-78
-74
-81
-64
-75
-75
-79
-72
-87
-71
-75
-73
-80
-66
-69
-69
-80
-79
-77
-75
-76
-80
-68
-73
-79
-80
-68
-84
-79
-64
-67
-80
-69
-80
-80
-79
-69
-72
-80
-77
-68
-78
-83
-75
-74
-75
-78
-75
-75
-74
-83
-68
-74
-81
-84
-69
-64
-75
-78
-74
-72
-71
-77
-82
-74
-69
-72
-85
-75
-76
-77
-75
-71
-73
-72
-79
-75
-77
-68
-72
-66
-77
-66
-81
-82
-76
-75
-78
-71
-70
-69
-66
-77
-77
-69
-74
-57
-73
-77
-83
-69
-66
-76
-84
-70
-71
-75
-77
-76
-73
-69
-72
-78
-90
-69
-75
-76
-78
-79
-79
-69
-78
-69
-76
-71
-79
-78
-75
-79
-78
-78
-78
-77
-70
-81
-77
-76
-73
-69
-71
-68
-75
-77
-78
-67
-71
-77
-84
-78
-74
-75
-79
-79
-77
-76
-76
-84
-74
-74
-70
-76
-81
-81
-72
-86
-75
-68
-79
-75
-76
-76
-76
-82
-74
-79
-78
-80
-71
-79
-74
-82
-74
-75
-75
-71
-79
-77
-64
-67
-70
-74
-71
-73
-80
-79
-76
-68
-78
-81
-77
-72
-69
-73
-68
-75
-83
-72
-76
-74
-76
-77
-79
-79
-78
-72
-79
-76
-72
-75
-75
-78
-82
-87
-75
-69
-74
-79
-80
-70
-79
-79
-71
-72
-70
-72
-74
-76
-78
-77
-71
-72
-80
-81
-77
-82
-72
-74
-81
-82
-84
-81
-69
-72
-74
-77
-68
-73
-80
-82
-74
-75
-67
-67
-72
-75
-74
-69
-76
-72
-73
-80
-78
-73
-74
-73
-72
-77
-76
-80
-71
-81
-81
-70
-73
-71
-64
-79
-81
-70
-80
-72
-72
-74
-76
-71
-61
-82
-70
-77
-74
-74
-69
-74
-74
-71
-69
-80
-79
-76
-73
-79
-76
-70
-78
-79
-70
-71
-79
-77
-72
-75
-75
-69
-79
-78
-82
-73
-74
-76
-69
-72
-78
-68
-67
-77
-70
-75
-71
-66
-79
-74
-68
-82
-80
-68
-80
-73
-83
-70
-74
-81
-76
-77
-79
-73
-81
-78
-72
-78
-69
-68
-69
-77
-64
-77
-89
-72
-73
-79
-64
-68
-76
-76
-70
-81
-72
-75
-72
-71
-70
-69
-80
-80
-76
-77
-72
-82
-73
-77
-62
-69
-76
-74
-71
-74
-79
-81
-71
-78
-74
-78
-80
-81
-72
-83
-71
-71
-83
-73
-76
-70
-75
-87
-74
-73
-76
-76
-77
-76
-74
-80
-81
-70
-64
-77
-77
-66
-72
-82
-81
-68
-70
-76
-72
-68
-67
-77
-72
-70
-79
-75
-73
-70
-70
-72
-78
-79
-72
-77
-74
-69
-75
-77
-67
-81
-76
-66
-67
-78
-70
-78
-83
-68
-74
-72
-80
-73
-77
-74
-79
-73
-73
-74
-71
-76
-69
-66
-76
-74
-83
-79
-76
-72
-74
-72
-80
-82
-80
-81
-70
-74
-83
-73
-75
-74
-78
-84
-72
-74
-73
-74
-67
-80
-82
-83
-69
-78
-79
-73
-68
-78
-77
-65
-81
-75
-75
-76
-80
-78
-77
-78
-74
-82
-79
-75
-74
-81
-78
-73
-74
-71
-75
-84
-77
-64
-81
-73
-74
-80
-72
-66
-75
-70
-71
-74
-74
-67
-68
-78
-72
-79
-74
-68
-75
-73
-66
-74
-70
-74
-83
-82
-75
-73
-85
-78
-74
-79
-70
-68
-73
-75
-78
-76
-71
-68
-76
-85
-70
-76
-83
-85
-76
-74
-84
-77
-73
-75
-78
-73
-78
-75
-71
-75
-74
-75
-72
-79
-70
-81
-79
-78
-79
-71
-72
-73
-77
-71
-76
-75
-74
-74
-73
-73
-76
-69
-80
-63
-79
-78
-75
-72
-78
-75
-76
-67
-68
-74
-80
-79
-72
-69
-77
-74
-75
-71
-71
-69
-72
-81
-82
-77
-79
-74
-67
-75
-69
-72
-73
-78
-70
-74
-78
-73
-80
-74
-79
-83
-81
-74
-72
-84
-67
-77
-79
-71
-79
-74
-77
-72
-79
-81
-80
-79
-70
-81
-74
-72
-68
-73
-75
-76
-76
-78
-75
-80
-77
-68
-80
-79
-79
-65
-79
-73
-84
-70
-69
-75
-66
-71
-83
-80
-76
-75
-79
-72
-64
-74
-75
-78
-74
-76
-76
-76
-76
-65
-75
-75
-81
-81
-81
-74
-78
-72
-74
-78
-72
-82
-78
-70
-77
-73
-80
-73
-72
-80
-80
-79
-86
-72
-70
-69
-73
-73
-76
-74
-81
-80
-78
-74
-75
-78
-77
-70
-74
-81
-77
-74
-81
-80
-80
-71
-75
-77
-82
-80
-75
-86
-72
-73
-74
-73
-74
-78
-87
-73
-81
-75
-69
-75
-69
-77
-79
-77
-75
-82
-66
-80
-73
-72
-74
-75
-75
-67
-76
-75
-78
-73
-78
-74
-80
-76
-81
-75
-68
-72
-72
-81
-77
-77
-67
-70
-75
-71
-79
-72
-82
-82
-72
-86
-72
-70
-77
-76
-73
-83
-72
-72
-82
-80
