77
82
78
82
85
78
85
85
83
83
79
89
84
79
66
88
87
81
85
84
79
86
86
75
83
84
89
84
88
88
82
76
82
86
85
89
81
79
77
79
86
89
86
84
83
90
89
85
84
84
85
89
84
88
83
89
72
88
77
74
73
87
89
81
90
77
81
73
85
84
87
81
77
90
87
91
85
86
82
88
79
89
80
84
80
79
84
84
87
88
76
87
86
86
83
84
86
80
82
83
87
75
80
80
85
72
71
82
88
79
81
82
89
85
90
78
66
81
82
68
85
86
81
78
88
91
83
89
89
86
87
87
86
89
74
82
73
81
84
90
78
76
81
84
84
85
86
82
87
85
86
85
77
87
86
82
86
81
82
87
73
88
86
85
91
83
90
88
85
85
77
86
77
78
80
82
84
84
85
74
85
79
81
81
86
90
88
83
82
89
85
85
80
82
80
81
85
87
78
77
83
87
81
77
82
85
89
84
85
86
80
81
88
90
83
84
78
82
92
78
85
80
79
85
83
81
84
91
89
87
82
88
86
82
83
88
89
81
78
85
88
86
87
85
88
82
87
90
81
82
82
79
80
83
85
80
82
89
81
82
83
80
88
79
83
85
83
87
87
84
79
87
87
86
80
73
84
84
86
81
76
89
82
88
87
88
84
79
86
75
86
81
73
86
87
87
88
79
88
77
80
86
87
86
81
80
87
85
82
85
91
76
87
85
84
84
81
86
88
92
82
80
82
89
79
79
90
75
68
90
82
85
83
86
75
73
87
89
88
81
87
88
86
86
89
82
86
87
75
85
81
84
87
74
81
84
84
81
74
85
83
78
78
81
90
90
79
84
82
80
80
88
80
82
86
84
92
76
87
78
84
81
81
91
85
84
79
85
74
80
89
89
83
84
79
88
85
82
84
86
88
75
78
79
85
82
87
89
83
79
80
86
88
85
84
86
83
83
90
82
83
86
80
74
81
88
84
81
87
81
83
84
83
85
83
74
76
87
88
77
86
85
80
90
82
80
79
90
89
89
83
85
88
88
88
89
82
84
78
84
80
90
84
88
90
87
88
90
85
84
79
76
78
82
78
79
85
89
84
79
86
87
85
83
86
85
87
80
89
90
81
79
87
77
75
89
83
78
74
87
85
82
89
74
83
90
69
78
83
85
89
89
81
78
83
90
87
78
76
77
85
87
77
82
79
84
82
89
85
86
82
84
89
84
85
80
86
85
90
87
81
83
85
82
87
85
88
77
81
77
74
76
82
79
89
90
81
80
82
79
86
86
87
88
86
81
87
78
83
83
86
89
88
76
82
86
88
78
90
82
85
83
79
74
85
90
84
85
86
80
78
77
82
82
81
80
86
88
84
85
85
85
86
77
84
89
90
80
85
84
78
89
85
86
82
77
78
80
84
80
78
81
85
85
77
81
85
83
76
83
87
88
84
86
73
80
81
84
81
78
84
79
91
83
89
81
87
86
82
90
81
87
85
87
87
87
79
83
82
83
87
89
85
84
89
82
82
80
87
85
83
78
71
89
76
88
73
81
87
86
86
85
88
85
84
90
82
89
75
87
84
79
85
86
78
91
85
87
90
83
86
70
85
83
78
76
90
85
82
85
83
83
89
85
90
81
76
83
77
81
76
82
74
81
78
83
86
89
81
82
89
72
85
85
87
83
84
83
82
74
88
80
87
79
86
88
81
90
78
83
89
84
83
86
86
80
87
85
88
85
88
79
81
87
88
82
91
84
77
82
85
81
78
85
87
81
81
86
84
86
80
87
85
82
85
84
85
84
92
85
77
73
80
87
90
86
86
85
79
90
85
86
87
82
86
70
81
77
80
81
85
76
79
85
78
88
85
85
88
83
87
76
83
87
75
88
82
87
88
83
86
90
88
82
82
75
83
76
84
82
87
78
81
79
87
85
85
84
77
86
82
85
82
78
85
87
86
81
85
83
87
79
82
83
89
70
84
84
83
86
81
79
77
87
87
80
85
86
84
83
83
83
89
82
84
89
80
83
82
83
90
90
84
84
79
82
90
89
86
83
87
87
87
90
87
82
78
84
86
79
83
83
80
86
82
76
77
82
71
89
84
76
73
78
86
84
81
83
84
82
85
82
84
83
79
86
76
83
88
85
88
84
91
75
89
75
80
84
84
90
82
85
89
88
81
77
84
82
89
81
81
83
89
82
90
73
82
78
84
77
85
83
80
82
81
90
82
79
84
83
77
85
88
74
79
84
86
77
85
84
86
86
85
80
82
76
80
89
84
86
